198006
198007
198009
198010
198011
198012
198015
198016
198017
198020
198022
198023
198104
198105
198106
198107
198108
198109
198113
198117
198119
198121
198125
198129
198133
198206
198209
198210
198212
198213
198217
198219
198224
198301
198302
198303
198304
198309
198310
198311
198312
198315
198317
198401
198402
198403
198404
198407
198408
198409
198412
198413
198414
198415
198416
198418
198505
198507
198509
198510
198511
198512
198513
198514
198515
198516
198517
198518
198519
198522
198523
198525
198526
198527
198529
198530
198604
198606
198607
198609
198611
198612
198615
198617
198618
198620
198624
198628
198703
198706
198707
198709
198710
198712
198714
198715
198723
198725
198802
198805
198807
198810
198811
198823
198824
198826
198831
198832
198834
198904
198905
198906
198908
198909
198910
198911
198912
198913
198914
198917
198921
198922
198924
198926
198928
198929
198930
198931
198933
198934
199003
199005
199006
199008
199009
199010
199011
199015
199018
199021
199022
199023
199024
199025
199033
199103
199107
199108
199109
199112
199113
199114
199118
199122
199204
199206
199207
199208
199214
199216
199217
199220
199221
199303
199305
199312
199315
199318
199319
199320
199325
199327
199403
199404
199405
199406
199407
199411
199413
199414
199415
199416
199417
199419
199420
199421
199424
199426
199432
199438
199502
199504
199505
199506
199507
199508
199509
199511
199514
199515
199516
199520
199521
199607
199608
199609
199612
199613
199614
199617
199618
199621
199625
199629
199712
199713
199714
199716
199717
199719
199722
199802
199803
199804
199805
199808
199810
199813
199814
199815
199816
199903
199904
199908
199909
199910
199911
199912
199913
199917
199918
199920
199923
199924
200005
200007
200008
200012
200014
200016
200017
200018
200020
200024
200025
200102
200103
200104
200105
200107
200108
200109
200111
200116
200118
200121
200123
200206
200207
200210
200211
200215
200217
200219
200221
200223
200302
200307
200308
200309
200310
200312
200313
200314
200315
200316
200323
200410
200412
200414
200417
200419
200421
200425
200426
200429
200432
200505
200508
200509
200510
200513
200515
200516
200518
200519
200602
200603
200604
200605
200606
200607
200608
200610
200611
200614
200616
200617
200619
200620
200624
200627
200703
200707
200709
200712
200713
200714
200715
200716
200802
200807
200808
200809
200810
200813
200815
200816
200817
200819
200820
200903
200904
200905
200906
200907
200908
200909
200914
200916
200917
200919
200923
201002
201003
201004
201005
201006
201007
201008
201009
201010
201011
201012
201014
201015
201106
201107
201108
201111
201112
201115
201121
201122
201123
201125
201206
201207
201209
201210
201211
201212
201214
201215
201216
201224
201304
201305
201306
201307
201308
201309
201310
201311
201312
201313
201316
201318
201320
201323
201325
201327
201332
201334
201408
201409
201410
201411
201413
201415
201417
201418
201419
201508
201509
201510
201514
201516
201522
201523
201601
201602
201605
201606
201610
201616
201617
201618
201619
201620
201621
201623
201624
201703
201704
201705
201708
201709
201710
201711
201714
201715
201717
201718
201719
201720
201721
201722
201723
201727
201805
201807
201809
201810
201811
201812
201814
201817
201819
201821
201822
201824
201826
201827
201829
201830
201907
201908
201910
201912
201914
201915
201916
201917
201919
201921
201922
202002
202003
202004
202005
202006
202008
202009
202010
202012
202017
202018
202019
202021
202023
202025
202104
202105
202107
202108
202109
202111
202114
202117
202118
202120
202121
202126
202203
202205
202207
202208
202210
202212
202214
202218
202223
202226
